	beer	nappy	milk	bread	book	cola	yogurt	gammon	juice	apple	banana	orange	a	b	c	d	e	f	g	h	i	j	k	l	m	n	o	p	q	r	s	t	u	v	w	ak	al	am	an	ao	ap	aq	ar	as	at	au	av	aw	ax	ay	az
1	0	1	0	1	1	1	1	1	0	1	0	1	1	1	0	1	1	1	1	1	0	1	0	1	0	1	0	1	0	0	1	0	0	1	1	0	1	0	1	0	0	1	0	0	0	1	1	0	0	0	1
2	1	0	1	0	1	0	1	1	1	1	0	1	0	1	1	0	1	0	1	1	1	1	0	0	1	0	0	0	0	0	1	1	1	1	0	1	0	1	0	0	0	1	1	1	0	0	0	1	1	1	0
3	1	0	1	1	1	0	0	0	0	0	0	0	0	0	1	1	1	0	0	0	1	0	1	0	1	0	1	1	0	0	0	0	0	0	0	0	0	1	0	0	0	0	0	0	0	0	0	0	0	0	0
4	1	1	1	1	1	1	1	0	0	0	0	0	0	1	0	1	1	1	1	0	0	1	0	0	0	1	0	0	1	0	1	0	1	0	0	0	1	0	1	1	0	1	0	1	0	0	1	0	0	0	0
5	0	0	0	0	0	0	0	1	1	1	1	1	0	0	0	0	1	1	0	1	1	1	1	0	0	0	0	0	0	0	0	1	1	1	1	0	0	0	0	0	0	0	1	1	0	1	0	1	0	0	0
6	1	0	1	1	0	0	0	1	1	0	0	0	0	0	0	1	0	0	0	1	0	0	0	1	1	0	1	1	0	0	0	1	1	0	0	0	0	1	1	0	0	0	1	1	0	0	0	1	0	0	0
7	1	0	1	1	1	1	0	0	0	1	1	0	1	0	1	1	1	1	0	0	0	1	0	0	1	0	0	0	1	1	0	0	0	1	0	0	0	0	0	1	1	0	0	0	1	1	0	0	0	0	1
8	1	1	1	0	0	0	1	1	1	0	0	0	1	1	1	0	0	0	0	1	1	1	0	0	1	1	0	1	0	0	1	1	1	0	0	0	1	1	1	0	0	1	1	1	0	0	0	1	1	0	0
9	1	1	1	0	0	1	1	1	1	0	0	1	1	1	0	0	0	1	1	1	1	0	0	1	1	0	0	0	1	1	0	1	1	0	1	0	0	0	0	0	1	0	0	1	0	1	0	1	1	0	0
